{
  "camera_angle_x": 0.64243584245735,
  "camera_angle_y": 1.0647189223246405,
  "fl_x": 3245.761645289051,
  "fl_y": 3259.2594899305113,
  "k1": 0.03643624979847655,
  "k2": -0.0553547545865326,
  "k3": 0,
  "k4": 0,
  "p1": -0.0008816220214899854,
  "p2": -0.0009182095239139409,
  "is_fisheye": false,
  "cx": 1068.8477214531833,
  "cy": 1936.5119742833838,
  "w": 2160.0,
  "h": 3840.0,
  "aabb_scale": 16,
  "frames": [
    {
      "file_path": "./images/0010.jpg",
      "sharpness": 4.000588107422543,
      "transform_matrix": [
        [
          -0.4215226718882741,
          0.5907988723176294,
          -0.6879500923853414,
          -2.5279291003283326
        ],
        [
          -0.8887003211903421,
          -0.11824817553486688,
          0.44297754807790063,
          1.7129349873385102
        ],
        [
          0.1803617925828423,
          0.7981065477180916,
          0.57488743448494,
          1.6597610097462154
        ],
        [
          0.0,
          0.0,
          0.0,
          1.0
        ]
      ]
    },
    {
      "file_path": "./images/0011.jpg",
      "sharpness": 4.550737604873242,
      "transform_matrix": [
        [
          -0.4645494024016517,
          0.5746380535949254,
          -0.6737840604745076,
          -2.3146575116393673
        ],
        [
          -0.8583474683029945,
          -0.10506199702932963,
          0.502196774621561,
          1.9726158942956415
        ],
        [
          0.21779227813020088,
          0.8116360540296892,
          0.5420456064288643,
          1.7253152516549328
        ],
        [
          0.0,
          0.0,
          0.0,
          1.0
        ]
      ]
    },
    {
      "file_path": "./images/0014.jpg",
      "sharpness": 6.226279536684609,
      "transform_matrix": [
        [
          -0.6261051150340095,
          0.5461759531187849,
          -0.5564927791298357,
          -1.8432012899487806
        ],
        [
          -0.7311317629270465,
          -0.16318165948721353,
          0.6624334617517738,
          2.562606612455962
        ],
        [
          0.27099581215899293,
          0.8216225254338402,
          0.5014954591567797,
          1.7646331055163484
        ],
        [
          0.0,
          0.0,
          0.0,
          1.0
        ]
      ]
    },
    {
      "file_path": "./images/0016.jpg",
      "sharpness": 5.6847281157770455,
      "transform_matrix": [
        [
          -0.7292536436503598,
          0.5311375582585192,
          -0.4313722493281913,
          -1.3835156476480532
        ],
        [
          -0.6255799468864163,
          -0.2621435591330606,
          0.7347996219792783,
          2.7788464853012966
        ],
        [
          0.2771982202772307,
          0.8057131305043002,
          0.5234381511420036,
          1.926231874739466
        ],
        [
          0.0,
          0.0,
          0.0,
          1.0
        ]
      ]
    },
    {
      "file_path": "./images/0003.jpg",
      "sharpness": 11.307751726761829,
      "transform_matrix": [
        [
          -0.5251937162727794,
          0.6737919712959156,
          -0.5197845129141139,
          -2.23724745047957
        ],
        [
          -0.8354045082493905,
          -0.2918887112512831,
          0.46572554991422743,
          2.1463348193010257
        ],
        [
          0.16208290475670498,
          0.6788264577293016,
          0.7161869674429859,
          3.6452602765388504
        ],
        [
          0.0,
          0.0,
          0.0,
          1.0
        ]
      ]
    },
    {
      "file_path": "./images/0007.jpg",
      "sharpness": 5.303017928093334,
      "transform_matrix": [
        [
          -0.44454323833449183,
          0.635167837586409,
          -0.6316194482498935,
          -2.6483172066092755
        ],
        [
          -0.8817935173758089,
          -0.18628573918037827,
          0.43328722124506436,
          1.6364577866290062
        ],
        [
          0.15754841157411742,
          0.7495728393764758,
          0.6428989473800865,
          2.328133955818543
        ],
        [
          0.0,
          0.0,
          0.0,
          1.0
        ]
      ]
    },
    {
      "file_path": "./images/0009.jpg",
      "sharpness": 5.282499517199844,
      "transform_matrix": [
        [
          -0.41380972788330467,
          0.604095533517402,
          -0.681050729060679,
          -2.693563474099247
        ],
        [
          -0.8954523214311694,
          -0.1352497361444284,
          0.4241139574673803,
          1.5840224860522358
        ],
        [
          0.16409341600200628,
          0.7853509376808638,
          0.5969064043645731,
          1.7435146574398108
        ],
        [
          0.0,
          0.0,
          0.0,
          1.0
        ]
      ]
    },
    {
      "file_path": "./images/0012.jpg",
      "sharpness": 5.643496921758954,
      "transform_matrix": [
        [
          -0.5181968763847516,
          0.5612117128379087,
          -0.6453785019190202,
          -2.1839142891626375
        ],
        [
          -0.818127513654055,
          -0.10533263188396137,
          0.5653073571650051,
          2.2327749107311585
        ],
        [
          0.24927769402598526,
          0.8209424158210118,
          0.5137257840812656,
          1.740749828706229
        ],
        [
          0.0,
          0.0,
          0.0,
          1.0
        ]
      ]
    },
    {
      "file_path": "./images/0008.jpg",
      "sharpness": 5.867963679739453,
      "transform_matrix": [
        [
          -0.42598540785871336,
          0.619819051419794,
          -0.6590605251789279,
          -2.705279157761161
        ],
        [
          -0.8904561171815463,
          -0.15834454983596877,
          0.4266320509683479,
          1.5778036332931509
        ],
        [
          0.16007603096236794,
          0.7686035044758103,
          0.6193741335264985,
          2.011497199110672
        ],
        [
          0.0,
          0.0,
          0.0,
          1.0
        ]
      ]
    },
    {
      "file_path": "./images/0002.jpg",
      "sharpness": 16.586728274175744,
      "transform_matrix": [
        [
          -0.5391102646868611,
          0.6760479123516627,
          -0.502313988233289,
          -2.1422659725990996
        ],
        [
          -0.8263278702481924,
          -0.30919545145358907,
          0.4707232983969974,
          2.2141651091858057
        ],
        [
          0.16291830281333433,
          0.6688478100857668,
          0.7253276732724041,
          3.881814536269699
        ],
        [
          0.0,
          0.0,
          0.0,
          1.0
        ]
      ]
    },
    {
      "file_path": "./images/0013.jpg",
      "sharpness": 6.411379000257197,
      "transform_matrix": [
        [
          -0.573278764971615,
          0.5527722441327472,
          -0.6048093119402823,
          -2.0495600219071863
        ],
        [
          -0.7753979440137136,
          -0.1274671657824812,
          0.6184740496325918,
          2.415820489360733
        ],
        [
          0.26478195952139544,
          0.8235259363392097,
          0.501692680982592,
          1.752854202982414
        ],
        [
          0.0,
          0.0,
          0.0,
          1.0
        ]
      ]
    },
    {
      "file_path": "./images/0006.jpg",
      "sharpness": 7.2204961151875215,
      "transform_matrix": [
        [
          -0.4654613663141428,
          0.6465416789096811,
          -0.604424994488343,
          -2.557906465951684
        ],
        [
          -0.8712361173392222,
          -0.21444212526875114,
          0.4415452442911697,
          1.7814449312957656
        ],
        [
          0.15586322317496465,
          0.7321191381180849,
          0.6631049866541543,
          2.7611397457163904
        ],
        [
          0.0,
          0.0,
          0.0,
          1.0
        ]
      ]
    },
    {
      "file_path": "./images/0015.jpg",
      "sharpness": 6.294632400834691,
      "transform_matrix": [
        [
          -0.6773874705163279,
          0.5393618263726887,
          -0.5002349798844743,
          -1.602387778583752
        ],
        [
          -0.6831784630719228,
          -0.2090854408318572,
          0.699678830628085,
          2.6821360289322453
        ],
        [
          0.27278820067321047,
          0.8157034379852699,
          0.5101122414678418,
          1.817686301845938
        ],
        [
          0.0,
          0.0,
          0.0,
          1.0
        ]
      ]
    },
    {
      "file_path": "./images/0001.jpg",
      "sharpness": 17.419582589851466,
      "transform_matrix": [
        [
          -0.5488238593190127,
          0.6758620702293792,
          -0.4919378350239525,
          -2.106088228090204
        ],
        [
          -0.8201652337751236,
          -0.32157728498056093,
          0.47319873107752336,
          2.2167963496177165
        ],
        [
          0.1616210406497524,
          0.6631730632800745,
          0.7308078594417797,
          3.987138787740984
        ],
        [
          0.0,
          0.0,
          0.0,
          1.0
        ]
      ]
    },
    {
      "file_path": "./images/0004.jpg",
      "sharpness": 12.781462308912095,
      "transform_matrix": [
        [
          -0.5067301940112365,
          0.6679235369107824,
          -0.5450712424798583,
          -2.3479699606502082
        ],
        [
          -0.8472750795069355,
          -0.2690743142314681,
          0.4579562785568414,
          2.021813587386291
        ],
        [
          0.15921510654662271,
          0.693885554190839,
          0.7022630472945893,
          3.393906185422122
        ],
        [
          0.0,
          0.0,
          0.0,
          1.0
        ]
      ]
    },
    {
      "file_path": "./images/0005.jpg",
      "sharpness": 10.627201244073342,
      "transform_matrix": [
        [
          -0.48530565555369726,
          0.6591756101716387,
          -0.5744266147238086,
          -2.456333931486692
        ],
        [
          -0.8602543787956334,
          -0.24250973413744453,
          0.44849908875467587,
          1.8889944617600734
        ],
        [
          0.1563356148731443,
          0.7118121548962331,
          0.6847500505491618,
          3.1161787354034822
        ],
        [
          0.0,
          0.0,
          0.0,
          1.0
        ]
      ]
    },
    {
      "file_path": "./images/0019.jpg",
      "sharpness": 4.560436075521556,
      "transform_matrix": [
        [
          -0.8764660845789636,
          0.4345856224187037,
          -0.20722581748030272,
          -0.671805526170135
        ],
        [
          -0.39872635038025267,
          -0.4139332162516349,
          0.8183376992405224,
          3.2909060868841777
        ],
        [
          0.26986014925313623,
          0.799871633025184,
          0.5360791644799886,
          2.3981658041753837
        ],
        [
          0.0,
          0.0,
          0.0,
          1.0
        ]
      ]
    },
    {
      "file_path": "./images/0017.jpg",
      "sharpness": 6.539950806254782,
      "transform_matrix": [
        [
          -0.7792740656339088,
          0.5160853715478936,
          -0.3555106467678327,
          -1.178686126907935
        ],
        [
          -0.5599846222687281,
          -0.3187738302224051,
          0.7647224777591788,
          2.8960887857025144
        ],
        [
          0.2813345935103451,
          0.7950088895678279,
          0.5374120505397705,
          2.1059466314084667
        ],
        [
          0.0,
          0.0,
          0.0,
          1.0
        ]
      ]
    },
    {
      "file_path": "./images/0020.jpg",
      "sharpness": 10.376797575303042,
      "transform_matrix": [
        [
          -0.9140196573090092,
          0.38141249239600405,
          -0.1381758906524638,
          -0.5194217990961976
        ],
        [
          -0.3135509905366342,
          -0.4481030533144653,
          0.8371913938556704,
          3.346750185200089
        ],
        [
          0.2573982176471614,
          0.8085345782963731,
          0.5291672640234215,
          2.5520923326018656
        ],
        [
          0.0,
          0.0,
          0.0,
          1.0
        ]
      ]
    },
    {
      "file_path": "./images/0018.jpg",
      "sharpness": 6.444413336977026,
      "transform_matrix": [
        [
          -0.8275325803614688,
          0.4840838008258099,
          -0.2843460959446047,
          -0.9254543371693772
        ],
        [
          -0.48777047382931027,
          -0.369166484916118,
          0.7910727345050252,
          3.0969254774923414
        ],
        [
          0.2779744473093689,
          0.7933340911889614,
          0.5416190787475074,
          2.2447766893462524
        ],
        [
          0.0,
          0.0,
          0.0,
          1.0
        ]
      ]
    },
    {
      "file_path": "./images/0022.jpg",
      "sharpness": 10.550109350825936,
      "transform_matrix": [
        [
          -0.940713051293492,
          0.3249681811364818,
          -0.09723495480302408,
          -0.32148407142656177
        ],
        [
          -0.25350017047846213,
          -0.4830614377500365,
          0.8380866965466691,
          3.1774616365640576
        ],
        [
          0.22538105234474487,
          0.8130481711759324,
          0.5368016883862322,
          2.7003742178249306
        ],
        [
          0.0,
          0.0,
          0.0,
          1.0
        ]
      ]
    },
    {
      "file_path": "./images/0021.jpg",
      "sharpness": 8.788609181780373,
      "transform_matrix": [
        [
          -0.9308191790708726,
          0.3477921507973725,
          -0.11232219628450871,
          -0.4229960945490476
        ],
        [
          -0.2761045003601706,
          -0.467801377667463,
          0.8396000094899562,
          3.2943963977757953
        ],
        [
          0.2394618149454781,
          0.8125284554658295,
          0.5314654723537491,
          2.6448469432393513
        ],
        [
          0.0,
          0.0,
          0.0,
          1.0
        ]
      ]
    },
    {
      "file_path": "./images/0025.jpg",
      "sharpness": 7.863131145556812,
      "transform_matrix": [
        [
          -0.9738009457836724,
          0.2115300462261866,
          0.08346710486762866,
          0.2712709020283899
        ],
        [
          -0.03880227744382961,
          -0.5162282272401492,
          0.8555716221731033,
          3.2471486244995065
        ],
        [
          0.22406718036677367,
          0.8299177410973324,
          0.5109113834680606,
          2.5511178999040163
        ],
        [
          0.0,
          0.0,
          0.0,
          1.0
        ]
      ]
    },
    {
      "file_path": "./images/0027.jpg",
      "sharpness": 12.93835250118342,
      "transform_matrix": [
        [
          -0.9711151360767686,
          0.12044454593929581,
          0.20598180477092703,
          0.88535872187816
        ],
        [
          0.12036961058175255,
          -0.4980808970706317,
          0.8587354521760255,
          3.477247960982186
        ],
        [
          0.2060256037198483,
          0.858724945121069,
          0.4691960350445764,
          2.2831482308339375
        ],
        [
          0.0,
          0.0,
          0.0,
          1.0
        ]
      ]
    },
    {
      "file_path": "./images/0023.jpg",
      "sharpness": 8.98577100168689,
      "transform_matrix": [
        [
          -0.9520935028908994,
          0.2982145327565792,
          -0.06772041247898487,
          -0.1760363514948271
        ],
        [
          -0.215893447764463,
          -0.4986332372754456,
          0.8394968218515381,
          3.1323369942267316
        ],
        [
          0.21658250397506504,
          0.813899863116528,
          0.5391280291856944,
          2.6544469133389237
        ],
        [
          0.0,
          0.0,
          0.0,
          1.0
        ]
      ]
    },
    {
      "file_path": "./images/0024.jpg",
      "sharpness": 7.380162516750425,
      "transform_matrix": [
        [
          -0.9660313563022433,
          0.25842125208880756,
          0.0013693685817123056,
          0.02208491749114793
        ],
        [
          -0.13593470774509997,
          -0.5126439941588602,
          0.8477723105205522,
          3.150456141679206
        ],
        [
          0.21978438055014693,
          0.8187884902497053,
          0.5303585903552981,
          2.6193969811997397
        ],
        [
          0.0,
          0.0,
          0.0,
          1.0
        ]
      ]
    },
    {
      "file_path": "./images/0026.jpg",
      "sharpness": 7.560595095486112,
      "transform_matrix": [
        [
          -0.9750584717173514,
          0.16377494404670945,
          0.14979567582321074,
          0.5863386244288924
        ],
        [
          0.04601179501046216,
          -0.5110936355336619,
          0.858292613529413,
          3.3717802585849377
        ],
        [
          0.21712644130019046,
          0.8437778519637118,
          0.4908106000145901,
          2.404622533347107
        ],
        [
          0.0,
          0.0,
          0.0,
          1.0
        ]
      ]
    },
    {
      "file_path": "./images/0033.jpg",
      "sharpness": 6.1289121172077605,
      "transform_matrix": [
        [
          -0.903824441040258,
          -0.02273141422239237,
          0.42729926590894896,
          1.5747147408766158
        ],
        [
          0.41373152460651275,
          -0.3012925483608166,
          0.8590977976058758,
          3.7498361251823775
        ],
        [
          0.10921357684348926,
          0.9532607634678006,
          0.2817202717745026,
          1.3387291280467215
        ],
        [
          0.0,
          0.0,
          0.0,
          1.0
        ]
      ]
    },
    {
      "file_path": "./images/0028.jpg",
      "sharpness": 15.016589981625392,
      "transform_matrix": [
        [
          -0.9640749012182712,
          0.08452628704322632,
          0.2518231357526113,
          1.051762371239542
        ],
        [
          0.18264989344600138,
          -0.4773964383044199,
          0.8594950012191281,
          3.5322340551191664
        ],
        [
          0.19286938927621325,
          0.8746130273103816,
          0.44480720677845687,
          2.186573251975459
        ],
        [
          0.0,
          0.0,
          0.0,
          1.0
        ]
      ]
    },
    {
      "file_path": "./images/0029.jpg",
      "sharpness": 16.106590284231533,
      "transform_matrix": [
        [
          -0.9553786748298521,
          0.05495779988394728,
          0.29022616693345177,
          1.1338796972932779
        ],
        [
          0.2355459341447309,
          -0.45113927333762605,
          0.8608086134342148,
          3.5994851328625113
        ],
        [
          0.1782405695694177,
          0.8907597859884869,
          0.41806375481280017,
          2.1448727953071964
        ],
        [
          0.0,
          0.0,
          0.0,
          1.0
        ]
      ]
    },
    {
      "file_path": "./images/0030.jpg",
      "sharpness": 10.226646291468523,
      "transform_matrix": [
        [
          -0.9446169350667352,
          0.03135868951572769,
          0.3266733515877825,
          1.19796918841124
        ],
        [
          0.2845909186229299,
          -0.41741932544909366,
          0.8630000670806646,
          3.7106934534834877
        ],
        [
          0.1634223212176015,
          0.9081727475461229,
          0.38537696558725465,
          2.033409764943169
        ],
        [
          0.0,
          0.0,
          0.0,
          1.0
        ]
      ]
    },
    {
      "file_path": "./images/0031.jpg",
      "sharpness": 11.972602605623251,
      "transform_matrix": [
        [
          -0.9323940010568358,
          0.012070842918102226,
          0.361241915625919,
          1.2969551718672203
        ],
        [
          0.3306182645957424,
          -0.3753885664090098,
          0.8658954829119615,
          3.8391392888527687
        ],
        [
          0.14605817319138253,
          0.9267889290528076,
          0.3460192062472956,
          1.8857224552420073
        ],
        [
          0.0,
          0.0,
          0.0,
          1.0
        ]
      ]
    },
    {
      "file_path": "./images/0035.jpg",
      "sharpness": 7.020073296099036,
      "transform_matrix": [
        [
          -0.8516058722949004,
          -0.03712950111088956,
          0.5228659852014756,
          1.9654790897258274
        ],
        [
          0.5164460000910516,
          -0.23017705559830315,
          0.8248042507578994,
          3.3884873494375123
        ],
        [
          0.08972718260139992,
          0.9724401900801921,
          0.21519551454916008,
          0.8071816068968178
        ],
        [
          0.0,
          0.0,
          0.0,
          1.0
        ]
      ]
    },
    {
      "file_path": "./images/0032.jpg",
      "sharpness": 10.156027056555793,
      "transform_matrix": [
        [
          -0.9192163078336933,
          -0.007310899709704174,
          0.39368506476451315,
          1.3977317273306686
        ],
        [
          0.3729326964158278,
          -0.3369785383207811,
          0.8645037123445223,
          3.887699187462517
        ],
        [
          0.1263431177434499,
          0.9414839433111228,
          0.312482641356389,
          1.6395524000998887
        ],
        [
          0.0,
          0.0,
          0.0,
          1.0
        ]
      ]
    },
    {
      "file_path": "./images/0036.jpg",
      "sharpness": 6.596400216392227,
      "transform_matrix": [
        [
          -0.8261526571259606,
          -0.043986917543584525,
          0.56172674697698,
          2.0858572931021993
        ],
        [
          0.5581570479560062,
          -0.20017239924746716,
          0.8052277444293633,
          3.210003534653866
        ],
        [
          0.07702270426583625,
          0.9787727835024643,
          0.18992456756638515,
          0.5938091669363172
        ],
        [
          0.0,
          0.0,
          0.0,
          1.0
        ]
      ]
    },
    {
      "file_path": "./images/0034.jpg",
      "sharpness": 7.348935185039841,
      "transform_matrix": [
        [
          -0.880835583121813,
          -0.03150692168772964,
          0.47237272301947236,
          1.816556919721062
        ],
        [
          0.46313556243740883,
          -0.2642152233104736,
          0.8459880416288593,
          3.5544167281594268
        ],
        [
          0.09815358552201023,
          0.9639489767179503,
          0.24732214619085904,
          1.0715950087243764
        ],
        [
          0.0,
          0.0,
          0.0,
          1.0
        ]
      ]
    },
    {
      "file_path": "./images/0044.jpg",
      "sharpness": 4.226068789607255,
      "transform_matrix": [
        [
          -0.5895280112877725,
          -0.002233105297002612,
          0.8077448465997343,
          3.318930569380117
        ],
        [
          0.8077421791286942,
          0.0021447900488921813,
          0.5895319939870316,
          2.415959895904392
        ],
        [
          -0.0030489301275559875,
          0.999995206578132,
          0.0005393595266715811,
          -0.07172199669571439
        ],
        [
          0.0,
          0.0,
          0.0,
          1.0
        ]
      ]
    },
    {
      "file_path": "./images/0038.jpg",
      "sharpness": 7.841378993116707,
      "transform_matrix": [
        [
          -0.7538633220876595,
          -0.04868873880581968,
          0.6552247693616808,
          2.4159250876814897
        ],
        [
          0.6541758919124097,
          -0.1484938296104196,
          0.7416221982994342,
          2.9344512193534698
        ],
        [
          0.06118818575252102,
          0.9877140220442454,
          0.14379505083401717,
          0.36942321793041544
        ],
        [
          0.0,
          0.0,
          0.0,
          1.0
        ]
      ]
    },
    {
      "file_path": "./images/0039.jpg",
      "sharpness": 4.739940438641318,
      "transform_matrix": [
        [
          -0.7074196637641396,
          -0.05114287591555733,
          0.7049410086124437,
          2.5601286814500583
        ],
        [
          0.7051243342384187,
          -0.119577531627084,
          0.6989283848843536,
          2.8759898434525786
        ],
        [
          0.048549898090581675,
          0.9915067424053114,
          0.12065358354837302,
          0.2879516665870384
        ],
        [
          0.0,
          0.0,
          0.0,
          1.0
        ]
      ]
    },
    {
      "file_path": "./images/0043.jpg",
      "sharpness": 6.042260917851821,
      "transform_matrix": [
        [
          -0.6058982260997943,
          -0.034880930370269646,
          0.7947771136401947,
          3.0850949816591577
        ],
        [
          0.7954895444095651,
          -0.01507348615607331,
          0.6057798071514234,
          2.7164812012047435
        ],
        [
          -0.009150101453344744,
          0.9992777945969107,
          0.03688041393193241,
          0.028076875213719335
        ],
        [
          0.0,
          0.0,
          0.0,
          1.0
        ]
      ]
    },
    {
      "file_path": "./images/0040.jpg",
      "sharpness": 5.075672484148656,
      "transform_matrix": [
        [
          -0.6653538232497085,
          -0.05610726593756782,
          0.7444167278189135,
          2.6629988885897515
        ],
        [
          0.7460768050187563,
          -0.08464618297728577,
          0.6604577387862386,
          2.9303095666107364
        ],
        [
          0.02595555656370784,
          0.9948301354899334,
          0.09817999117646975,
          0.2346268793493915
        ],
        [
          0.0,
          0.0,
          0.0,
          1.0
        ]
      ]
    },
    {
      "file_path": "./images/0046.jpg",
      "sharpness": 12.311562009657681,
      "transform_matrix": [
        [
          -0.5496120655687979,
          0.048180250042713604,
          0.8340295204293626,
          3.64270533959797
        ],
        [
          0.8354007167155542,
          0.024913247702791547,
          0.5490764724537817,
          2.0950705173754782
        ],
        [
          0.005676257701497226,
          0.9985279133091719,
          -0.053942436947176056,
          -0.2765015134320065
        ],
        [
          0.0,
          0.0,
          0.0,
          1.0
        ]
      ]
    },
    {
      "file_path": "./images/0042.jpg",
      "sharpness": 6.786574281706104,
      "transform_matrix": [
        [
          -0.6236881218631708,
          -0.05370973185030225,
          0.7798258724946044,
          2.9083877931290085
        ],
        [
          0.7816202387582951,
          -0.031228946848802737,
          0.6229723551205072,
          2.912168492415026
        ],
        [
          -0.00910653742021846,
          0.9980681427869138,
          0.06145773664037186,
          0.12664679368316947
        ],
        [
          0.0,
          0.0,
          0.0,
          1.0
        ]
      ]
    },
    {
      "file_path": "./images/0045.jpg",
      "sharpness": 6.50611170925447,
      "transform_matrix": [
        [
          -0.5706864289589257,
          0.03120268035501903,
          0.8205750377639959,
          3.5173025786009218
        ],
        [
          0.821163238865357,
          0.01825688581313814,
          0.5704012809056566,
          2.2143183878184676
        ],
        [
          0.002816904076623838,
          0.9993463258159915,
          -0.03604145103021842,
          -0.15740995583068537
        ],
        [
          0.0,
          0.0,
          0.0,
          1.0
        ]
      ]
    },
    {
      "file_path": "./images/0037.jpg",
      "sharpness": 10.900580146741337,
      "transform_matrix": [
        [
          -0.7946464999082169,
          -0.047580497813219824,
          0.605204954104044,
          2.248953578611708
        ],
        [
          0.6032514832988571,
          -0.17356549664681198,
          0.7784360386529678,
          3.0464556815716426
        ],
        [
          0.06800432419732035,
          0.9836722597810797,
          0.16662622029714355,
          0.4479305580974833
        ],
        [
          0.0,
          0.0,
          0.0,
          1.0
        ]
      ]
    },
    {
      "file_path": "./images/0047.jpg",
      "sharpness": 9.202966210531066,
      "transform_matrix": [
        [
          -0.5247527623697097,
          0.05620297409059825,
          0.8493972946444687,
          3.713877373819151
        ],
        [
          0.8512446927174885,
          0.029811075335997275,
          0.5239215331610935,
          2.0021211690650507
        ],
        [
          0.004124501612920861,
          0.9979742108659544,
          -0.06348592754133646,
          -0.3027556951066086
        ],
        [
          0.0,
          0.0,
          0.0,
          1.0
        ]
      ]
    },
    {
      "file_path": "./images/0049.jpg",
      "sharpness": 4.205711925742054,
      "transform_matrix": [
        [
          -0.4517676748939217,
          0.012007493088489831,
          0.8920548122684397,
          3.7606282139536664
        ],
        [
          0.8919855507775561,
          0.024419069695846035,
          0.4514039058775413,
          1.7375558389308197
        ],
        [
          -0.016362919353356025,
          0.9996296960413652,
          -0.021742256675559277,
          -0.07052173246657402
        ],
        [
          0.0,
          0.0,
          0.0,
          1.0
        ]
      ]
    },
    {
      "file_path": "./images/0048.jpg",
      "sharpness": 7.815421717589596,
      "transform_matrix": [
        [
          -0.49160890221623943,
          0.04480987004922832,
          0.8696624419098061,
          3.771320753558608
        ],
        [
          0.870805908675481,
          0.0301291610007067,
          0.4907028663820034,
          1.841433925756462
        ],
        [
          -0.004213868053206921,
          0.9985410904246252,
          -0.05383246337010223,
          -0.21132491104676676
        ],
        [
          0.0,
          0.0,
          0.0,
          1.0
        ]
      ]
    },
    {
      "file_path": "./images/0041.jpg",
      "sharpness": 8.339480581844995,
      "transform_matrix": [
        [
          -0.6399284057009135,
          -0.0602944424017651,
          0.7660654122548277,
          2.7647021946497174
        ],
        [
          0.7684318580029771,
          -0.052842930453850016,
          0.6377461127356192,
          2.974096304008868
        ],
        [
          0.002028595041594337,
          0.9967809212556535,
          0.0801478626399384,
          0.18913173801211236
        ],
        [
          0.0,
          0.0,
          0.0,
          1.0
        ]
      ]
    },
    {
      "file_path": "./images/0050.jpg",
      "sharpness": 9.202025066666316,
      "transform_matrix": [
        [
          -0.4157306565725482,
          -0.033752139853326986,
          0.9088612734084841,
          3.7337161017714084
        ],
        [
          0.9091190673942774,
          0.013030286892700669,
          0.4163324788266032,
          1.6354887241815959
        ],
        [
          -0.02589483518901553,
          0.9993452880469568,
          0.025267624180786756,
          0.07423081620432541
        ],
        [
          0.0,
          0.0,
          0.0,
          1.0
        ]
      ]
    },
    {
      "file_path": "./images/0051.jpg",
      "sharpness": 9.640361930664534,
      "transform_matrix": [
        [
          -0.38772085400122624,
          -0.07514483485805981,
          0.9187087640962867,
          3.7627959185826554
        ],
        [
          0.9211708741488212,
          0.004546288284503503,
          0.38913179243667817,
          1.494476072525753
        ],
        [
          -0.03341795917175665,
          0.9971622661933361,
          0.06745854243776417,
          0.23739264132697802
        ],
        [
          0.0,
          0.0,
          0.0,
          1.0
        ]
      ]
    },
    {
      "file_path": "./images/0056.jpg",
      "sharpness": 7.7596612128417215,
      "transform_matrix": [
        [
          -0.24586573221490948,
          -0.29957019894852804,
          0.9218501709524046,
          3.9645106290124774
        ],
        [
          0.9652861523166995,
          0.01083039236707799,
          0.26097001120636054,
          1.0603871190875302
        ],
        [
          -0.08816283723176144,
          0.9540127874225233,
          0.2865081423422663,
          1.1376063365339184
        ],
        [
          0.0,
          0.0,
          0.0,
          1.0
        ]
      ]
    },
    {
      "file_path": "./images/0053.jpg",
      "sharpness": 11.868793159135771,
      "transform_matrix": [
        [
          -0.3291175321539043,
          -0.16243477105638152,
          0.9302131988105716,
          3.79113486302159
        ],
        [
          0.9429558540874324,
          -0.004207944193313348,
          0.33289119911790593,
          1.2794168977543063
        ],
        [
          -0.050158820486922995,
          0.9867103112972647,
          0.1545537264833115,
          0.5779675447827137
        ],
        [
          0.0,
          0.0,
          0.0,
          1.0
        ]
      ]
    },
    {
      "file_path": "./images/0052.jpg",
      "sharpness": 13.01985263703037,
      "transform_matrix": [
        [
          -0.3600055743404426,
          -0.11645520153716173,
          0.9256533760211535,
          3.7678834153851017
        ],
        [
          0.9320263175957183,
          -0.0007497303671055687,
          0.3623898194149395,
          1.3717948243858005
        ],
        [
          -0.0415081890095655,
          0.9931956624966453,
          0.10880921976495848,
          0.41850748638849905
        ],
        [
          0.0,
          0.0,
          0.0,
          1.0
        ]
      ]
    },
    {
      "file_path": "./images/0058.jpg",
      "sharpness": 13.93436883899701,
      "transform_matrix": [
        [
          -0.2182322013720022,
          -0.3884323111782989,
          0.895262557006394,
          3.6990580705771063
        ],
        [
          0.9680428957760037,
          0.02998953537784611,
          0.2489850993687803,
          1.2004082967233671
        ],
        [
          -0.12356236572257798,
          0.9209891245083748,
          0.36947445700237525,
          1.3996867836895628
        ],
        [
          0.0,
          0.0,
          0.0,
          1.0
        ]
      ]
    },
    {
      "file_path": "./images/0054.jpg",
      "sharpness": 11.859794559029252,
      "transform_matrix": [
        [
          -0.3009840521408745,
          -0.2074045529464391,
          0.9308017790241694,
          3.8515138420998043
        ],
        [
          0.9517392996058515,
          -0.0039120289899669865,
          0.30688271638721526,
          1.1809597834734555
        ],
        [
          -0.06000754905582386,
          0.9782474367505661,
          0.1985725222938016,
          0.7613741670309818
        ],
        [
          0.0,
          0.0,
          0.0,
          1.0
        ]
      ]
    },
    {
      "file_path": "./images/0055.jpg",
      "sharpness": 12.857173629101409,
      "transform_matrix": [
        [
          -0.27333602109205557,
          -0.2513020295488305,
          0.9285120944709411,
          3.9492959668658623
        ],
        [
          0.959255970129761,
          0.000559710313238876,
          0.28253790984047916,
          1.0865131687663627
        ],
        [
          -0.07152204796263929,
          0.9679085580424017,
          0.2409099831604563,
          0.9666755523718377
        ],
        [
          0.0,
          0.0,
          0.0,
          1.0
        ]
      ]
    },
    {
      "file_path": "./images/0060.jpg",
      "sharpness": 8.97736917192749,
      "transform_matrix": [
        [
          -0.2078504691430006,
          -0.4516687614892235,
          0.8676367399046893,
          3.5494539659827424
        ],
        [
          0.9679158233554078,
          0.03307058406169893,
          0.2490889306458475,
          1.1746189277515873
        ],
        [
          -0.14119894254752144,
          0.8915725805713168,
          0.43030360474870205,
          1.6545334187078422
        ],
        [
          0.0,
          0.0,
          0.0,
          1.0
        ]
      ]
    },
    {
      "file_path": "./images/0061.jpg",
      "sharpness": 11.94640612257641,
      "transform_matrix": [
        [
          -0.16963120807557647,
          -0.4786335272214983,
          0.8614726925021708,
          3.507342399022888
        ],
        [
          0.974596132026841,
          0.04824581795496873,
          0.21871150059022393,
          1.0522902058592338
        ],
        [
          -0.1462451116670422,
          0.8766882500245055,
          0.45829038790414023,
          1.6866209560388905
        ],
        [
          0.0,
          0.0,
          0.0,
          1.0
        ]
      ]
    },
    {
      "file_path": "./images/0059.jpg",
      "sharpness": 12.593025391734287,
      "transform_matrix": [
        [
          -0.21620354050792087,
          -0.4219065655338458,
          0.8804833213025026,
          3.5883160237564877
        ],
        [
          0.9670117540821069,
          0.03188356112699428,
          0.2527285223301058,
          1.2389652366104658
        ],
        [
          -0.1347007666647861,
